0 85 124 5 27725
220 13 153 247 4
42 1608 20184 103 25
53 12 14126 5588 12759
223 516 76 28 131
14171 697 42 459 28
16 195 95 31 39
26 13 15 12 14
20 20 12 19 18
30 43 12 877 61
57 169 14 874 2
11 15 14 26 12
13 44 17 99 17
21 3773 63 3419 3412
3273 3600 3205 3210 3578
3398 3445 3313 1613 2241
1602 1594 1439 1401 1434
1420 1437 1576 1411 1592
1412 1414 1421 3220 28728
3330 3207 3649 3170 3182
3172 3291 3106 3170 3179
3172 3168 3182 3301 3317
3461 3474 3293 3278 3296
3283 3279 3334 3309 3349
3293 3267 3296 3294 3285
3306 3324 3301 3288 3292
3288 3317 123 3303 3176
3163 3159 16680 3160 1488
1861 4121 2002 3581 3549
3703 3180 3627 3557 3564
3651 24970 4265 960 3703
3633 4384 4416 3562 3540
3519 3536 3625 1778 1773
1768 1773 1771 1769 1775
1794 1773 2539 1827 1803
1853 2116 2208 3626 3968
3451 3616 3754 3600 3234
3597 3573 3583 3652 15499
3573 383 3592 3576 3572
3573 3627 3730 3575 3578
3569 3568 3588 3575 3571
3575 3592 3580 3624 3619
3634 3643 3683 3667 873
133 197 61 55 59
291 1599 1 23 6
6 93 30 52 4
12 18 43 11 8
4 54 3 14 76
4 46 161 23 271
70 58 43 61 103
477 390 24441 447 616
190 464 1671 60 24
181 265 193 30 6
8 7 3 2 2
30 71 31 16 9
3 2 8 5 5
29 10 1 24 2
21 14 13 232 6
2 54 30 5 4
4 4 5 74 15
4 4 15 3 3
13 223 190 189 2
1 6 1 35 6
2 1 2 1 73
12 10 211 32 2
1 7 3 2 224
2 1 4 6 24
1 11 18 3497 10
12 1 1 71 3
2692 1 80 8 2
1 36 1 74 2
34 26 3 79 6
2 10 4 5 2
1 212 2 2 82
3395 24 3437 10 3396
63 1 25 2 5
7 196 1 214 112
1 0 1 7 3
1 1 3 15 7
8 2 2 1 1
3 14 17 1 36
40 9 106 1 8
19 3 10 71 63
1 14335 1 23 2
2 1 1 2 2
7 340 8 2 11
2 2 3 7 2
1 3 3 64 2606
13 1 12 37 14
2533 1 5 2 32
4 29762 26 0 44
4 6 9 17 38
3 5 15 6 7
10 3 30 2 43
21 8 3 3 133
64 21998 20183 150 2
14 2 128 32185 41
4 7 5 1 133
4 2 3179 3595 1
1365 2 1357 20 6
17433 1 144 6 1336
2 9 35 5 5
6 6 10 46 2
35 38 20 36 1250
45 670 11 2 2
1 3 3 15 4
2 40 4 15 15
7 4 2 4 6
1 3 3 4 1
1 3529 1 14 3
19 14 66 46 2
26 3 292 0 9
80 0 1 3 155
11 9 12 161 585
2 600 91 96 119
4 2 1 7 37
15 3 355 27 28
10 4 59 7 1
4 3 3 8 21
8 5 4 0 3
1 3 23 85 2
17 88 18 1 2
6 18 465 5794 35
46 2 51 30 7
39 299 148 3 27
144 59 21 1 12
114 267 2 6 12
3 9 55 15 607
28 58 15 6 2
20 108 3 1 2
13 4 151 263 15837
3 22 29 20 45
74 1 2 5 1
7 2 13 3 44
1 141 33 55 1619
113 10088 115 4113 30
29968 20 39 156 4
10 110 1552 154 60
69 4 7 64 4
3 14 201 3 3
16573 42 24 152 35
72 2 18 36 13
9 10 14 8 11
2265 26 1 63 32
4 4 21 22 6
12 11 5 4 3
120 10621 1 2 139
4 4 1 42 31
3 2 0 10 34
0 200 10 0 7
22 12 3 157 1
2 1 5 1 0
29 1 2 2651 67
0 3 7 2120 9
243 18 0 1 3
2 4 103 106 951
4 0 49 14 51
38 42 2 5 45
119 19 46 13 11
3674 9 21 29 1
0 1 4 34 19
5 17 65 270 17
15 1007 84 24 6
2 3 58 0 8
8 107 1 14 2
29 14 13 49 14
49 3 1 126 19
163 9 26 84 0
71 31 9 11 1087
168 28 3 7 3
1 38 2 722 14
3495 2 20 674 11
1 11 24 1 4
1 19 12 6 149
178 2 2 10 14
0 2 0 356 0
1 3 17 39 5
14 1 18 2 14
3 83 43 3 0
21 0 0 160 32
0 1 22 0 3
1 2 1 48 0
17 2 9 3 13
3 1 8 1 0
4 48 0 21 7
9 0 1 79 110
4 53 4 16 2
647 11 245 883 131
26 33 59 1 4
51 9 11 5 7862
3 6 0 3475 0
1 6705 7 0 3
28 0 3 16 1
0 1 3 3541 0
1 2 0 0 2
3 0 28 9 2
3497 398 0 0 2
8 2 0 0 1
2 0 1 0 1
0 1 8 0 0
0 3 0 0 12
36 0 2 33 0
7 0 0 18 3
73 2 2 2 349
12 5 59 8 1
62 12004 0 0 2
0 0 5 3 2
0 1 8 2 205
3 0 2 1 59
2 58 2 18 59
0 80 1 0 15
3 1 37 1 11
6 7 174 0 30
10 2 50 26 391
448 10 421 80 7
24 5 700 45 4
24 0 61 141 59
22 200 12 1 4
119 95 1 46 18
24 19 5 35 21
541 10 17 376 0
8 41 3 52 3
1281 65 13 110 9
107 308 550 5 73
32 179 7 380 8
0 25 44 20 21
2 29 165 2 2
13 2 2 225 0
20 2 14 164 0
69 46 0 11 69
15 0 194 1 41
2 9 7 37 1
3 384 225 88 75
7 566 156 20 11
58 7 12 51 3
13101 21 3 4 21
39 88 7 60 19
1 92 16 9 5
429 40 0 4 35
5 2 5 53 23
95 528 48 2 105
0 64 131 0 19
2 1 1 4 4
21 2 1 489 4
8 2 25 32 20
13 7 1247 557 70
39 30 126 16 149
42 430 47 44 7
12 66 116 100 34
16 83 68 15 124
110 566 2 23 21
0 6 43 86 1146
40 36 385 624 28
71 39 15 0 1
3 0 35
