1 3 9 10 12
14 25 28 34 42
45 49 60 64 70
76 113 118 120 122
123 125 127 128 129
134 139 140 145 146
147 149 150 151 152
154 155 156 159 161
165 167 169 179 184
185 196 197 208 212
219 220 221 222 225
226 228 236 241 243
261 269 285 301 302
303 306 307 321 325
343 346 348 352 353
373 378 380 401 403
407 429 436 439 443
458 460 461 462 466
467 468 472 474 476
478 498 515 527 536
547 548 550 567 570
579 587 614 628 633
662 664 690 694 713
725 728 729 734 740
744 745 755 756 757
761 762 764 774 775
776 780 786 787 788
793 806 807 809 821
825 827 828 830 831
832 890 897 905 907
911 912 913 916 919
924 927 962 968 971
974 987 1000 1004 1005
1010 1015 1018 1035 1041
1045 1047 1052 1073 1078
1079 1086 1088 1089 1092
1093 1097 1099 1101 1102
1120 1124 1126 1164 1224
1258 1260 1261 1265 1266
1272 1273 1277 1284 1301
1308 1312 1319 1331 1347
1360 1366 1394 1407 1409
1446 1456 1479 1495 1496
1498 1500 1504 1510 1521
1541 1543 1544 1548 1583
1598 1600 1606 1607 1608
1629 1640 1644 1646 1649
1655 1663 1664 1665 1676
1677 1678 1681 1685 1699
1722 1724 1725 1746 1760
1761 1766 1796 1822 1828
1829 1830 1831 1832 1833
1834 1836 1838 1839 1840
1841 1842 1846 1855 1858
1863 1908 1909 1910 1911
1913 1914 1918 1920 1921
1922 1923 1924 1925 1929
1933 1935 1936 1943 1949
1953 1955 1960 1962 1969
1971 1973 1977 1978 1979
1980 1982 1984 1996 1998
2010 2011 2013 2016 2020
2022 2025 2028 2030 2033
2036 2038 2049 2050 2051
2057 2062 2063 2067 2074
2075 2084 2085 2088 2089
2093 2102 2111 2119 2120
2127 2128 2132 2147 2149
2173 2174 2175 2176 2177
2178 2179 2180 2181 2182
2183 2184 2185 2186 2187
2188 2190 2191 2192 2194
2195 2196 2197 2199 2200
2204 2206 2211 2212 2214
2218 2219 2221 2223 2225
2226 2229 2231 2235 2236
2237 2240 2242 2243 2247
2248 2250 2251 2253 2254
2255 2262 2263 2268 2269
2270 2277 2278 2284 2328
2329 2331 2343 2347 2357
2360 2376 2380 2387 2388
2419 2431 2439 2440 2449
2453 2454 2458 2468 2469
2471 2477 2479 2481 2482
2486 2490 2493 2495 2498
2504 2507 2509 2514 2526
2542 2559 2561 2562 2565
2567 2569 2574 2575 2581
2584 2585 2591 2599 2609
2611 2613 2625 2628 2631
2639 2640 2646 2670 2678
2686 2695 2696 2700 2704
2711 2714 2716 2720 2722
2723 2724 2726 2727 2729
2737 2739 2741 2748 2749
2750 2754 2775 2780 2795
2798 2799 2800 2801 2804
2805 2814 2823 2866 2867
2868 2872 2875 2877 2880
2883 2888 2890 2894 2917
2924 2925 2926 2928 2929
2936 2937 2938 2943 2945
2946 2947 2948 2949 2950
2951 2954 2955 2959 2969
2973 2981 2992 2993 3000
3012 3013 3017 3031 3066
3067 3072 3075 3079 3084
3086 3092 3118 3120 3125
3137 3138 3139 3148 3152
3157 3158 3161 3181 3195
3211 3216 3218 3220 3221
3223 3224 3225 3226 3228
3229 3230 3231 3232 3234
3249 3252 3262 3263 3264
3265 3267 3271 3274 3288
3295 3309 3336 3337 3368
3370 3376 3380 3405 3429
3450 3489 3492 3508 3510
3514 3540 3548 3554 3555
3556 3557 3564 3581 3615
3622 3628 3629 3637 3647
3654 3658 3662 3672 3679
3684 3690 3697 3703 3708
3709 3712 3713 3714 3716
3726 3727 3731 3736 3747
3748 3752 3756 3760 3762
3765 3768 3773 3774 3779
3780 3783 3784 3787 3805
3812 3814 3817 3820 3821
3822 3824 3830 3836 3865
3867 3872 3880 3881 3889
3896 3898 3905 3909 3911
3914 3921 3922 3923 3924
3925 3935 3943 3953 3963
3965 3987 3999 4022 4023
4025 4029 4030 4031 4032
4033 4034 4035 4036 4037
4039 4040 4041 4054 4060
4071 4073 4083 4092 4121
4131 4150 4158 4164 4169
4175 4176 4184 4188 4192
4195 4198 4203 4224 4230
4246 4265 4268 4271 4290
4301 4312 4337 4347 4348
4349 4364 4369 4374 4376
4383 4424 4425 4427 4429
4432 4436 4440 4455 4462
4475 4479 4484 4486 4491
4496 4498 4509 4512 4520
4539 4568 4572 4581 4583
4585 4588 4589 4596 4603
4624 4626 4633 4650 4675
4685 4693 4706 4707 4710
4721 4725 4727 4728 4779
4784 4787 4792 4795 4802
4804 4809 4811 4813 4838
4852 4862 4872 4878 4886
4891 4893 4900 4925 4939
4975 5014 5019 5021 5025
5026 5034 5036 5051 5052
5053 5054 5061 5062 5075
5101 5104 5106 5133 5142
5196 5199 5205 5209 5210
5211 5212 5213 5214 5216
5217 5218 5222 5223 5226
5229 5230 5233 5235 5236
5244 5266 5269 5270 5271
5272 5273 5274 5277 5281
5283 5285 5287 5307 5322
5323 5337 5339 5343 5353
5354 5356 5361 5362 5382
5410 5415 5416 5417 5420
5423 5433 5447 5453 5471
5473 5482 5486 5487 5491
5493 5498 5538 5543 5555
5563 5577 5582 5597 5604
5605 5612 5620 5624 5645
5646 5647 5648 5649 5652
5657 5662 5665 5667 5668
5670 5671 5675 5684 5686
5688 5690 5691 5692 5695
5697 5698 5699 5701 5711
5713 5714 5715 5722 5724
5725 5734 5736 5746 5747
5750 5760 5761 5768 5777
5785 5787 5788 5789 5790
5791 5800 5802 5805 5880
5883 5890 5893 5895 5902
5911 5913 5943 5962 5965
5973 5999 6000 6001 6005
6008 6030 6031 6033 6037
6038 6044 6047 6049 6057
6058 6063 6064 6068 6071
6078 6087 6104 6130 6135
6138 6140 6149 6153 6154
6155 6158 6169 6173 6174
6176 6181 6185 6210 6212
6221 6229 6262 6265 6282
6314 6315 6324 6334 6344
6348 6349 6357 6360 6361
6362 6363 6366 6385 6394
6395 6449 6454 6466 6470
6478 6479 6481 6482 6484
6485 6486 6488 6490 6491
6493 6494 6496 6502 6503
6508 6509 6513 6514 6516
6519 6520 6526 6532 6533
6535 6536 6542 6544 6547
6548 6549 6566 6567 6577
6579 6584 6591 6603 6608
6612 6613 6614 6619 6621
6622 6628 6631 6639 6647
6651 6653 6659 6663 6668
6673 6683 6684 6695 6696
6701 6702 6704 6705 6708
6711 6721 6727 6732 6735
6742 6750 6752 6757 6762
6764 6771 6773 6774 6781
6782 6791 6799 6804 6805
6808 6810 6812 6818 6819
6824 6826 6827 6837 6846
6863 6875 6881 6882 6888
6895 6910 6924 6932 6943
6944 6945 6957 6958 6973
6976 6977 6978 6981 6983
6992 7009 7029 7030 7033
7044 7045 7050 7051 7053
7057 7062 7063 7068 7071
7075 7076 7083 7086 7088
7098 7101 7103 7115 7121
7123 7136 7137 7138 7146
7148 7166 7169 7188 7189
7190 7191 7197 7199 7201
7202 7205 7211 7212 7215
7216 7218 7219 7222 7226
7227 7229 7232 7235 7240
7248 7252 7259 7266 7268
7273 7276 7281 7287 7290
7308 7315 7329 7339 7340
7341 7343 7350 7355 7363
7366 7367 7368 7369 7370
7371 7373 7376 7384 7394
7398 7399 7400 7431 7432
7433 7438 7447 7452 7461
7462 7467 7471 7477 7489
7492 7495 7502 7506 7512
7516 7527 7533 7534 7540
7543 7546 7547 7548 7551
7553 7555 7561 7563 7566
7569 7571 7574 7592 7593
7594 7600 7601 7604 7606
7608 7613 7614 7618 7619
7620 7627 7657 7671 7672
7679 7691 7692 7697 7704
7718 7719 7722 7723 7725
7727 7731 7743 7744 7760
7769 7775 7779 7782 7784
7788 7818 7828 7843 7885
7892 7894 7896 7897 7901
7903 7904 7910 7928 7929
7935 7947 7969 7972 7992
7995 8022 8032 8033 8034
8053 8069 8099 8114 8125
8138 8145 8148 8183 8197
8208 8219 8221 8222 8236
8245 8311 8317 8327 8328
8384 8385 8386 8402 8405
8407 8408 8409 8411 8412
8416 8417 8419 8423 8427
8434 8437 8438 8442 8447
8455 8456 8457 8460 8478
8483 8494 8499 8504 8514
8533 8537 8543 8545 8552
8554 8555 8556 8557 8572
8573 8586 8591 8598 8600
8603 8613 8648 8649 8660
8661 8667 8669 8676 8686
8687 8693 8712 8733 8742
8743 8744 8748 8762 8764
8768 8806 8810 8813 8816
8824 8833 8883 8885 8906
8912 8916 8944 8945 8947
8950 8969 8972 8988 9013
9062 9069 9074 9155 9157
9176 9214 9217 9227 9262
9268 9269 9286 9313 9319
9360 9366 9382 9401 9454
9489 9504 9511 9517 9529
9550 9601 9602 9606 9607
9611 9612 9631 9653 9666
9671 9672 9707 9709 9710
9719 9749 9765 9773 9781
9784 9803 9806 9808 9823
9826 9829 9831 9835 9846
9858 9865 9875 9901 9908
9917 9945 9970 9971 9977
9979 9995 10003 10008 10009
10013 10014 10018 10020 10031
10034 10037 10051 10061 10063
10071 10072 10096 10106 10107
10108 10109 10110 10116 10122
10129 10135 10148 10159 10161
10173 10176 10177 10200 10207
10210 10213 10219 10227 10228
10230 10231 10232 10241 10261
10262 10266 10284 10287 10291
10298 10303 10305 10307 10311
10317 10327 10328 10332 10339
10357 10364 10366 10370 10372
10374 10376 10377 10378 10379
10382 10385 10386 10389 10396
10397 10411 10414 10420 10423
10425 10428 10429 10430 10432
10441 10442 10451 10453 10478
10481 10497 10501 10518 10530
10538 10543 10544 10548 10563
10578 10596 10606 10613 10635
10653 10659 10681 10683 10685
10687 10691 10705 10720 10745
10769 10775 10787 10795 10807
10809 10813 10818 10826 10831
10837 10855 10857 10862 10880
10894 10898 10907 10908 10911
10916 10917 10928 10929 10930
10932 10934 10936 10942 10943
10944 10946 10948 10960 10962
10992 11004 11006 11010 11022
11032 11048 11049 11050 11051
11052 11053 11055 11057 11065
11075 11088 11097 11102 11105
11106 11109 11111 11112 11118
11130 11131 11143 11150 11151
11157 11163 11172 11186 11204
11206 11207 11208 11211 11216
11218 11220 11221 11240 11242
11259 11275 11343 11368 11372
11379 11382 11383 11384 11385
11387 11388 11390 11393 11394
11395 11396 11397 11398 11399
11402 11404 11419 11434 11439
11441 11445 11448 11469 11492
11498 11502 11504 11520 11528
11530 11537 11540 11543 11557
11558 11560 11565 11577 11599
11605 11614 11615 11617 11620
11637 11640 11645 11648 11649
11651 11652 11654 11655 11657
11664 11665 11666 11667 11669
11671 11673 11700 11706 11721
11722 11723 11725 11728 11733
11740 11790 11791 11792 11793
11797 11807 11808 11812 11819
11831 11840 11842 11844 11846
11847 11864 11868 11872 11880
11895 11906 11922 11927 11938
11939 11945 11962 11966 11985
11992 11994 11995 11997 11998
12000 12001 12002 12003 12004
12005 12007 12010 12012 12013
12014 12018 12023 12025 12028
12030 12037 12040 12042 12044
12049 12062 12069 12091 12099
12102 12124 12125 12155 12156
12162 12183 12186 12188 12190
12192 12194 12197 12214 12221
12223 12225 12229 12233 12237
12241 12251 12254 12258 12272
12277 12282 12303 12311 12335
12338 12358 12359 12360 12430
12442 12470 12471 12473 12479
12483 12486 12487 12488 12492
12508 12517 12518 12543 12556
12557 12561 12569 12633 12639
12644 12650 12653 12656 12665
12676 12684 12693 12696 12719
12723 12733 12735 12752 12765
12779 12842 12843 12845 12849
12870 12872 12906 12946 12955
12983 12995 13024 13027 13052
13135 13156 13179 13225 13236
13243 13250 13260 13351 13370
13391 13407 13418 13513 13555
13597 13610 13635 13655 13670
13686 13734 13753 13776 13795
13799 13828 13853 13865 13871
13883 13963 13991 13996 14003
14007 14023 14033 14054 14077
14096 14188 14197 14213 14214
14222 14231 14237 14297 14318
14336 14337 14343 14364 14371
14386 14407 14419 14430 14436
14437 14461 14468 14469 14491
14492 14502 14508 14537 14538
14585 14596 14597 14607 14610
14645 14664 14668 14673 14677
14713 14714 14715 14790 14795
14798 14805 14807 14808 14825
14826 14831 14840 14842 14843
14844 14846 14854 14856 14858
14866 14870 14876 14882 14888
14942 14982 14986 14987 14991
15110 15130 15162 15179 15190
15201 15213 15216 15222 15223
15226 15229 15252 15261 15262
15275 15293 15297 15300 15306
15310 15313 15334 15341 15381
15400 15401 15428 15441 15449
15486 15570 15571 15573 15587
15606 15618 15625 15642 15651
15661 15680 15686 15701 15723
15728 15734 15770 15794 15797
15802 15805 15806 15812 15821
15826 15840 15841 15843 15848
15849 15851 15854 15855 15856
15858 15863 15865 15885 15888
15891 15894 15900 15902 15905
15906 15915 15919 15926 15931
15936 15937 15947 15948 15951
15964 15991 15992 15995 16089
16091 16093 16109 16110 16111
16112 16121 16123 16126 16155
16160 16163 16170 16171 16174
16202 16239 16240 16245 16248
16256 16258 16260 16262 16268
16270 16274 16296 16310 16311
16319 16322 16346 16383 16393
16396 16404 16418 16420 16440
16446 16447 16449 16453 16458
16464 16473 16474 16477 16481
16491 16498 16499 16509 16512
16518 16521 16524 16530 16531
16532 16550 16556 16567 16570
16585 16598 16601 16604 16610
16615 16617 16622 16623 16631
16635 16643 16646 16647 16655
16660 16661 16663 16665 16667
16670 16673 16675 16679 16683
16684 16687 16689 16692 16711
16716 16717 16733 16734 16740
16741 16745 16748 16753 16755
16758 16760 16763 16766 16771
16774 16778 16779 16781 16782
16794 16796 16804 16816 16827
16836 16837 16856 16859 16861
16862 16863 16864 16869 16870
16871 16873 16874 16875 16877
16882 16883 16886 16890 16893
16904 16905 16908 16910 16911
16915 16916 16917 16918 16922
16924 16927 16934 16936 16939
16940 16942 16947 16953 16960
16961 16979 16985 16993 16996
17003 17005 17008 17010 17014
17019 17021 17022 17024 17030
17037 17039 17041 17043 17051
17053 17058 17064 17070 17072
17074 17076 17078 17091 17094
17102 17103 17107 17112 17113
17123 17128 17130 17135 17138
17143 17155 17158 17169 17179
17188 17211 17219 17234 17263
17264 17279 17292 17293 17302
17306 17307 17316 17317 17318
17328 17335 17337 17341 17367
17400 17404 17421 17431 17453
17477 17485 17517 17520 17535
17575 17580 17620 17632 17638
17684 17692 17709 17710 17712
17732 17734 17737 17783 17784
17808 17847 17951 17964 17972
17977 17994 18002 18030 18080
18083 18105 18107 18119 18179
18185 18188 18191 18241 18243
18254 18256 18257 18259 18290
18313 18323 18339 18345 18356
18370 18374 18459 18463 18467
18471 18473 18502 18505 18518
18520 18521 18531 18540 18545
18551 18552 18553 18570 18576
18580 18581 18585 18586 18588
18598 18606 18608 18610 18633
18638 18643 18646 18658 18664
18678 18680 18688 18693 18694
18696 18697 18698 18700 18701
18705 18708 18710 18712 18716
18727 18737 18748 18749 18752
18754 18756 18757 18781 18783
18800 18805 18861 18863 18865
18867 18876 18878 18888 18892
18897 18899 18900 18903 18904
18911 18915 18918 18919 18921
18931 18937 18940 18942 18944
18947 18954 18958 18960 18961
18964 18968 18987 18988 18994
18995 18997 19003 19005 19010
19013 19016 19017 19018 19022
19023 19024 19030 19034 19039
19040 19041 19047 19049 19053
19062 19066 19072 19075 19077
19080 19082 19104 19111 19125
19154 19160 19181 19236 19251
19273 19274 19279 19280 19283
19286 19289 19302 19317 19332
19343 19351 19356 19359 19370
19376 19408 19439 19441 19464
19467 19533 19566 19587 19608
19611 19621 19635 19648 19657
19774 19785 19787 19800 19837
19842 19872 19879 19911 20006
20008 20010 20012 20013 20049
20054 20078 20083 20089 20090
20109 20188 20196 20205 20228
20247 20276 20289 20296 20315
20328 20330 20347 20389 20396
20462 20496 20499 20506 20507
20510 20523 20578 20590 20600
20606 20696 20699 20718 20719
20721 20732 20749 20765 20767
20798 20812 20876 20882 20889
20931 20961 21019 21020 21022
21024 21033 21034 21044 21070
21078 21089 21095 21096 21110
21135 21162 21168 21191 21194
21196 21199 21205 21208 21216
21217 21236 21242 21255 21259
21276 21286 21296 21304 21324
21356 21383 21388 21402 21408
21411 21418 21422 21441 21455
21459 21469 21492 21500 21508
21514 21521 21527 21529 21550
21564 21565 21588 21602 21606
21608 21609 21653 21671 21677
21682 21708 21710 21715 21739
21746 21751 21756 21766 21770
21774 21782 21788 21793 21797
21806 21866 21908 21919 21939
22000 22004 22006 22012 22032
22055 22082 22087 22089 22093
22114 22124 22143 22145 22146
22149 22156 22176 22187 22202
22203 22213 22229 22235 22248
22256 22266 22282 22293 22296
22320 22334 22344 22347 22358
22367 22371 22372 22375 22376
22377 22378 22379 22380 22383
22387 22410 22412 22417 22420
22422 22429 22434 22445 22446
22460 22462 22472 22476 22481
22483 22497 22510 22512 22513
22517 22518 22520 22522 22523
22533 22534 22540 22546 22551
22554 22565 22566 22572 22579
22583 22586 22589 22601 22605
22614 22616 22619 22622 22623
22624 22632 22635 22639 22642
22646 22648 22650 22653 22664
22665 22673 22687 22699 22704
22708 22709 22711 22770 22796
22807 22814 22838 22878 22880
22899 22926 22940 22969 22982
22990 22997 23005 23015 23047
23064 23091 23119 23123 23131
23145 23162 23188 23206 23215
23217 23220 23222 23227 23235
23245 23261 23273 23291 23303
23310 23330 23334 23345 23348
23357 23392 23418 23464 23468
23471 23474 23477 23484 23489
23497 23512 23515 23520 23527
23544 23549 23550 23552 23577
23626 23628 23632 23637 23673
23678 23704 23738 23768 23791
23887 23898 23908 23913 23965
23975 23978 23989 23990 23991
23992 23993 23997 24012 24022
24044 24073 24074 24090 24104
24114 24175 24206 24259 24267
24278 24309 24340 24352 24367
24368 24381 24396 24413 24465
24470 24504 24514 24519 24520
24584 24618 24652 24671 24685
24687 24695 24753 24768 24787
24815 24835 24838 24839 24867
24872 24894 24913 24951 24970
24983 24989 24992 25016 25041
25091 25096 25097 25112 25122
25168 25178 25220 25231 25242
25261 25266 25267 25270 25271
25282 25335 25340 25343 25359
25363 25367 25383 25384 25385
25397 25399 25402 25403 25414
25419 25427 25447 25449 25456
25466 25472 25478 25480 25494
25503 25517 25532 25553 25573
25579 25609 25610 25618 25672
25675 25681 25683 25706 25731
25768 25769 25771 25774 25775
25783 25800 25804 25809 25811
25828 25831 25833 25843 25847
25848 25849 25863 25865 25872
25873 25888 25901 25903 25912
25916 25923 25932 25935 25944
25953 25954 25958 25965 25970
25972 25975 25977 25987 26000
26008 26019 26020 26021 26026
26029 26043 26045 26059 26060
26061 26062 26069 26079 26081
26094 26102 26103 26108 26109
26111 26115 26118 26122 26123
26125 26129 26136 26137 26147
26157 26161 26163 26166 26171
26172 26173 26175 26176 26177
26178 26183 26191 26215 26218
26222 26224 26226 26230 26236
26248 26249 26250 26251 26255
26257 26258 26259 26260 26261
26262 26263 26266 26267 26268
26269 26272 26273 26274 26277
26278 26279 26280 26282 26283
26286 26287 26288 26290 26303
26309 26318 26325 26328 26339
26340 26353 26354 26355 26356
26357 26359 26360 26364 26366
26368 26379 26383 26404 26405
26411 26417 26423 26424 26432
26437 26441 26455 26459 26461
26470 26475 26477 26486 26487
26521 26539 26547 26548 26549
26550 26551 26553 26556 26560
26561 26565 26570 26573 26574
26575 26579 26584 26585 26588
26589 26597 26602 26605 26606
26608 26609 26614 26615 26616
26625 26627 26629 26634 26635
26643 26647 26652 26659 26662
26664 26665 26667 26668 26669
26678 26682 26683 26690 26691
26692 26693 26694 26699 26705
26706 26709 26711 26717 26736
26747 26763 26768 26779 26782
26784 26787 26798 26802 26803
26805 26806 26810 26811 26812
26816 26819 26821 26822 26825
26827 26839 26842 26846 26850
26858 26860 26867 26869 26870
26871 26872 26875 26876 26877
26879 26883 26887 26888 26891
26892 26894 26895 26899 26900
26902 26904 26905 26911 26915
26917 26920 26922 26935 26967
26970 26974 26975 26983 27025
27041 27042 27057 27070 27083
27084 27097 27105 27118 27165
27167 27168 27174 27175 27188
27192 27212 27218 27246 27248
27251 27263 27264 27296 27301
27318 27336 27344 27347 27349
27355 27367 27383 27389 27390
27406 27446 27468 27469 27479
27481 27482 27501 27509 27535
27538 27555 27561 27620 27630
27649 27652 27653 27669 27680
27689 27690 27696 27697 27707
27717 27729 27737 27747 27754
27759 27763 27765 27767 27772
27792 27801 27806 27812 27813
27814 27832 27833 27836 27840
27851 27853 27869 27875 27876
27884 27885 27902 27929 27939
27946 27954 27958 27960 27971
27974 28001 28005 28006 28014
28020 28025 28026 28027 28030
28032 28037 28038 28039 28041
28044 28048 28055 28058 28059
28060 28063 28064 28071 28086
28089 28090 28092 28094 28097
28098 28100 28102 28109 28119
28126 28138 28139 28141 28143
28145 28151 28155 28157 28159
28160 28164 28175 28176 28177
28182 28187 28200 28227 28232
28240 28242 28245 28246 28254
28257 28264 28271 28275 28284
28289 28297 28300 28304 28331
28332 28338 28344 28345 28348
28353 28357 28360 28372 28379
28380 28391 28400 28404 28405
28413 28419 28420 28427 28439
28443 28448 28454 28459 28461
28462 28468 28478 28480 28482
28485 28486 28492 28501 28504
28511 28520 28529 28539 28543
28546 28549 28554 28555 28562
28564 28565 28569 28572 28573
28574 28575 28582 28583 28588
28599 28600 28602 28607 28608
28609 28610 28611 28612 28614
28616 28617 28618 28627 28628
28630 28631 28632 28639 28644
28645 28648 28649 28651 28654
28662 28664 28665 28670 28672
28675 28678 28682 28688 28690
28713 28722 28730 28731 28736
28774 28785 28802 28818 28844
28855 28856 28866 28868 28870
28874 28878 28899 28915 28933
28935 28937 28938 28940 28942
28946 28951 28955 28957 28958
28962 28964 28971 28975 28977
28981 28989 28991 28996 29002
29004 29019 29023 29027 29030
29035 29040 29042 29053 29068
29070 29077 29079 29080 29090
29092 29112 29119 29122 29124
29126 29131 29132 29140 29141
29173 29196 29201 29204 29214
29216 29220 29221 29222 29223
29224 29225 29233 29247 29259
29262 29266 29270 29273 29282
29283 29293 29305 29307 29317
29322 29344 29349 29369 29372
29377 29391 29456 29462 29487
29503 29507 29510 29513 29523
29524 29539 29541 29548 29560
29561 29563 29566 29567 29568
29581 29582 29583 29586 29595
29599 29608 29611 29612 29617
29620 29621 29624 29625 29630
29635 29636 29638 29640 29646
29654 29657 29659 29666 29667
29671 29679 29682 29683 29688
29689 29697 29703 29711 29713
29715 29722 29723 29724 29725
29726 29731 29734 29735 29739
29742 29743 29749 29750 29753
29754 29756 29757 29758 29766
29768 29772 29775 29786 29789
29799 29818 29819 29823 29830
29831 29838 29844 29847 29849
29854 29858 29864 29865 29866
29867 29869 29870 29872 29873
29874 29879 29880 29881 29883
29887 29888 29895 29898 29899
29901 29906 29907 29908 29909
29911 29912 29915 29917 29918
29919 29928 29930 29933 29935
29936 29937 29942 29951 29954
29955 29957 29958 29959 29960
29961 29963 29966 29967 29968
29979 29999 30001 30011 30015
30016 30030 30050 30052 30057
30061 30064 30071 30079 30093
30094 30095 30097 30099 30100
30101 30102 30104 30106 30110
30111 30112 30113 30124 30127
30130 30131 30147 30155 30202
30203 30219 30221 30223 30229
30249 30264 30276 30279 30280
30290 30303 30319 30321 30336
30338 30340 30347 30351 30353
30401 30408 30410 30432 30438
30449 30454 30460 30479 30505
30513 30525 30529 30554 30587
30588 30591 30604 30623 30624
30629 30638 30644 30651 30656
30658 30661 30664 30666 30673
30674 30678 30679 30681 30687
30698 30702 30717 30719 30723
30725 30738 30739 30740 30741
30742 30745 30746 30750 30752
30753 30755 30756 30758 30761
30764 30766 30779 30792 30798
30800 30809 30811 30816 30819
30829 30830 30836 30838 30839
30846 30851 30853 30857 30864
30870 30876 30877 30878 30883
30890 30896 30897 30899 30902
30912 30919 30923 30924 30929
30930 30939 30945 30966 30983
30988 30993 30994 30995 30998
31000 31005 31011 31012 31015
31016 31017 31018 31019 31020
31028 31029 31032 31036 31039
31049 31053 31058 31059 31066
31068 31069 31071 31074 31077
31096 31111 31115 31117 31119
31121 31122 31128 31153 31161
31164 31167 31169 31171 31172
31178 31179 31182 31183 31187
31188 31189 31190 31192 31203
31205 31220 31221 31223 31228
31237 31247 31250 31279 31280
31281 31285 31287 31295 31297
31300 31311 31312 31314 31321
31324 31330 31334 31336 31338
31339 31345 31346 31347 31348
31351 31352 31355 31356 31359
31362 31363 31366 31370 31376
31386 31393 31395 31397 31398
31399 31401 31404 31407 31409
31415 31418 31420 31431 31432
31436 31438 31440 31441 31442
31445 31450 31452 31456 31457
31462 31465 31472 31476 31477
31478 31480 31481 31484 31487
31488 31489 31490 31491 31492
31493 31495 31496 31497 31501
31504 31508 31514 31516 31519
31521 31524 31525 31526 31527
31528 31529 31532 31533 31534
31535 31538 31540 31541 31544
31554 31556 31558 31565 31567
31568 31569 31575 31583 31585
31586 31587 31590 31596 31600
31611 31612 31613 31617 31623
31631 31635 31638 31643 31644
31648 31650 31656 31657 31658
31659 31661 31662 31663 31668
31670 31676 31678 31680 31684
31688 31689 31691 31697 31700
31701 31705 31707 31709 31715
31717 31728 31729 31733 31744
31784 31786 31794 31796 31806
31811 31812 31826 31840 31847
31849 31854 31855 31857 31858
31860 31863 31864 31867 31870
31871 31876 31877 31880 31890
31892 31902 31907 31908 31909
31915 31917 31918 31920 31921
31922 31925 31926 31935 31939
31947 31949 31956 31959 31969
31972 31975 31980 31984 31988
31989 31993 31998 31999 32000
32002 32008 32013 32024 32026
32030 32031 32035 32037 32040
32047 32049 32052 32057 32058
32060 32063 32064 32080 32090
32091 32092 32093 32096 32099
32100 32105 32106 32111 32115
32116 32117 32119 32121 32122
32123 32126 32127 32128 32129
32135 32143 32144 32146 32149
32154 32156 32163 32167 32168
32171 32175 32178 32179 32180
32181 32182 32183 32185 32186
32187 32188 32189 32190 32193
32195 32196 32203 32205 32209
32211 32215 32216 32220 32222
32223 32224 32225 32226 32238
32239 32240 32241 32242 32254
32264 32275 32276 32278 32283
32286 32287 32292 32293 32297
32298 32299 32301 32304 32305
32306 32307 32308 32310 32311
32312 32313 32314 32315 32316
32321 32324 32326 32329 32331
32333 32334 32336 32338 32339
32340 32343 32345 32354 32357
32370 32371 32379 32380 32383
32387 32389 32400 32404 32407
32408 32409 32413 32414 32415
32420 32421 32422 32425 32426
32431 32432 32452 32455 32457
32458 32462 32463 32465 32466
32467 32470 32473 32475 32478
32480 32486 32491 32492 32493
32496 32497 32502 32504 32512
32530 32533 32534 32538 32544
32552 32554 32562 32565 32568
32571 32572 32578 32580 32581
32585 32587 32595 32634 32637
32638 32643 32652 32662 32665
32666 32673 32675 32679 32682
32686 32689 32698 32703 32704
32705 32707 32708 32713 32714
32725 32726 32729 32733 32734
32737 32745 32747 32749 32752
32754 32756 32757 32774 32782
32785 32786 32790 32792 32796
32798 32801 32802 32805 32806
32813 32814 32815 32817 32833
32856 32867 32884 32896 32920
32925 32949 32953 32966 32969
32979 32999 33005 33018 33020
33022 33023 33024 33025 33027
33028 33030 33031 33034 33035
33039 33041 33051 33054 33214
33216 33217 33219 33220 33222
33223 33226 33227 33228 33230
33231 33232 33233 33235 33236
33238 33239 33241 33242 33245
33246 33248 33249 33250 33251
33252 33253 33254 33259 33261
33263 33266 33267 33268 33272
33273 33275 33276 33277 33279
33280 33281 33282 33283 33284
33286 33287 33290 33296 33299
33301 33302 33303 33304 33305
33306 33308 33312 33314 33315
33316 33317 33320 33323 33324
33326 33328 33329 33335 33337
33340 33348 33350 33351 33356
33357 33369 33375 33377 33380
33383 33387 33388 33390 33392
33395 33397 33406 33407 33409
33410 33413 33414 33415 33416
33417 33421 33423 33424 33426
33428 33433 33437 33439 33440
33441 33448 33452 33455 33456
33458 33459 33461 33463 33464
33465 33475 33480 33485 33486
33491 33494 33497 33498 33499
33501 33505 33511 33517 33519
33521 33523 33524 33525 33526
33529 33530 33539 33540 33542
33544 33545 33550 33552 33554
33564 33566 33567 33568 33571
33575 33576 33581 33582 33583
33586 33589 33591 33592 33595
33599 33604 33605 33606 33608
33610 33611 33615 33617 33619
33625 33628 33631 33634 33635
33637 33638 33639 33643 33644
33646 33650 33651 33652 33653
33654 33656 33659 33660 33662
33664 33665 33668 33669 33671
33672 33675 33676 33679 33680
33685 33686 33687 33689 33690
33693 33697 33699 33701 33704
33705 33706 33708 33715 33716
33719 33720 33722 33726 33728
33731 33732 33735 33737 33739
33740 33743 33746 33748 33756
33757 33759 33760 33762 33763
33764 33765 33767 33780 33782
33783 33786 33787 33788 33793
33794 33795 33797 33798 33799
33803 33805 33806 33808 33809
33811 33812 33815 33816 33819
33823 33825 33828 33830 33836
33841 33843 33845 33846 33848
33851 33852 33853 33854 33855
33856 33857 33858 33859 33860
33861 33862 33864 33866 33867
33868 33870 33872 33873 33874
33875 33876 33877 33878 33881
33883 33885 33886 33889 33891
33892 33893 33894 33895 33897
33898 33899 33900 33901 33902
33903 33904 33905 33906 33907
33908 33910 33911 33914 33916
33918 33920 33922 33924 33926
33929 33932 33941 33942 33944
33945 33946 33947 33948 33949
33950 33951 33952 33953 33956
33958 33959 33960 33961 33962
33963 33964 33965 33966 33967
33968 33969 33972 33973 33975
33977 33978 33979 33980 33982
33983 33984 33985 33986 33987
33989 33991 33993 33995 33996
34000 34002 34005 34009 34010
34012 34014 34016 34020 34021
34024 34025 34026 34032 34034
34035 34036 34038 34040 34042
34043 34045 34046 34047 34048
34049 34050 34052 34054 34055
34057 34058 34060 34064 34065
34072 34075 34081 34082 34083
34084 34085 34086 34087 34089
34091 34093 34094 34095 34096
34098 34099 34102 34103 34104
34105 34108 34109 34110 34111
34112 34114 34116 34122 34124
34126 34129 34130 34131 34132
34133 34134 34137 34140 34143
34144 34145 34152 34153 34154
34155 34156 34157 34159 34160
34162 34168 34169 34171 34172
34185 34189 34193 34195 34196
34201 34202 34205 34207 34208
34210 34212 34216 34241 34255
34257 34262 34271 34286 34293
34310 34314 34321 34322 34334
34338 34345 34360 34368 34369
34371 34375 34377 34382 34386
34388 34391 34396 34400 34403
34406 34409 34410 34413 34414
34415 34419 34421 34423 34424
34431 34433 34436 34438 34439
34442 34448 34450 34458 34459
34462 34466 34470 34473 34478
34479 34480 34487 34490 34493
34504 34505 34517 34519 34522
34524 34528 34537 34541 34545
34546 34548 34550 34553 34555
34559 34560 34569 34575 34577
34578 34580 34588 34590 34591
34594 34595 34598 34605 34613
34622 34626 34627 34635 34647
34648 34652 34654 34657 34658
34660 34661 34662 34664 34665
34666 34667 34668 34670 34672
34673 34675 34678 34679 34681
34687 34690 34691 34692 34693
34694 34695 34698 34700 34701
34702 34703 34708 34709 34711
34712 34714 34715 34716 34717
34719 34721 34734 34739 34748
34751 34752 34756 34762 34773
34775 34777 34778 34780 34782
34784 34786 34787 34789 34791
34793 34800 34801 34804 34809
34810 34811 34812 34814 34816
34818 34821 34823 34824 34828
34829 34830 34832 34837 34840
34842 34845 34846 34850 34851
34853 34854 34857 34859 34861
34864 34866 34867 34868 34869
34871 34873 34874 34876 34879
34880 34883 34885 34888 34889
34890 34893 34895 34897 34898
34900 34901 34903 34904 34905
34910 34913 34914 34917 34918
34921 34923 34924 34927 34929
34932 34934 34935 34936 34939
34940 34941 34942 34944 34947
34948 34949 34950 34951 34952
34954 34960 34963 34965 34966
34967 34969 34970 34971 34974
34975 34978 34979 34981 34985
34996 35000 35001 35026 35027
35033 35041 35042 35043 35052
35059 35066 35078 35081 35084
35086 35087 35103 35109 35111
35112 35113 35115 35117 35119
35121 35126 35147 35148 35154
35155 35156 35165 35167 35168
35169 35170 35174 35175 35178
35179 35184 35190 35191 35192
35193 35194 35195 35196 35199
35204 35206 35212 35226 35227
35229 35230 35239 35244 35245
35252 35253 35255 35261 35262
35264 35266 35275 35276 35278
35279 35280 35281 35287 35288
35290 35292 35293 35294 35295
35297 35299 35302 35303 35304
35307 35309 35311 35312 35313
35315 35316 35318 35319 35321
35324 35328 35331 35332 35333
35335 35336 35346 35347 35351
35357 35362 35363 35366 35367
35368 35369 35370 35371 35373
35375 35376 35377 35378 35380
35382 35383 35384 35386 35387
35388 35390 35391 35395 35396
35398 35399 35400 35401 35405
35413 35417 35419 35420 35421
35422 35423 35424 35426 35427
35429 35430 35432 35433 35434
35436 35437 35439 35440 35441
35443 35444 35446 35447 35448
35449 35452 35454 35455 35456
35459 35460 35464 35468 35475
35482 35488 35491 35492 35495
35497 35502 35504 35505 35509
35510 35512 35513 35514 35523
35529 35531 35532 35534 35537
35538 35539 35540 35541 35542
35543 35544 35546 35551 35552
35553 35554 35555 35562 35563
35565 35568 35569 35572 35574
35580 35581 35587 35588 35589
35594 35596 35598 35599 35601
35604 35609 35610 35614 35615
35616 35619 35625 35627 35628
35632 35633 35634 35635 35636
35637 35639 35641 35642 35643
35644 35646 35647 35648 35652
35653 35663 35665 35672 35674
35675 35677 35681 35682 35684
35685 35687 35688 35691 35699
35700 35702 35705 35706 35710
35714 35720 35721 35726 35728
35729 35733 35737 35738 35739
35741 35742 35743 35744 35745
35748 35751 35753 35754 35756
35757 35758 35760 35761 35763
35766 35767 35769 35772 35773
35775 35778 35779 35780 35782
35785 35788 35789 35792 35793
35796 35797 35799 35803 35804
35807 35809 35812 35813 35814
35818 35820 35821 35822 35824
35828 35832 35833 35834 35836
35837 35839 35840 35843 35844
35852 35853 35855 35857 35859
35860 35861 35862 35866 35868
35869 35870 35872 35873 35874
35875 35876 35877 35883 35884
35886 35889 35891 35895 35899
35901 35902 35904 35907 35913
35916 35917 35920 35922 35928
35936 35937 35938 35939 35940
35946 35948 35956 35957 35959
35960 35964 35966 35967 35968
35969 35970 35972 35973 35977
35978 35979 35983 35985 35986
35987 35988 35989 35992 35996
35997 35998 35999 36002 36003
36004 36007 36009 36013 36015
36018 36019 36022 36023 36027
36028 36029 36030 36032 36033
36034 36036 36038 36039 36041
36042 36044 36045 36046 36047
36049 36050 36052 36053 36057
36059 36062 36063 36065 36066
36070 36071 36073 36074 36078
36079 36080 36081 36083 36084
36085 36086 36088 36089 36090
36096 36099 36101 36103 36105
36106 36112 36120 36132 36133
36135 36136 36140 36141 36142
36144 36145 36146 36147 36148
36149 36150 36152 36153 36156
36157 36158 36159 36161 36162
36163 36164 36172 36179 36181
36182 36185 36201 36207 36212
36230 36243 36254 36263 36264
36265 36266 36268 36269 36271
36276 36278 36279 36280 36282
36283 36289 36290 36293 36295
36298 36299 36303 36304 36305
36309 36315 36319 36320 36321
36333 36334 36358 36360 36364
36368 36372 36412 36419 36424
36426 36429 36430 36434 36438
36453 36470 36471 36479 36480
36486 36515 36520 36522 36523
36526 36546 36560 36561 36578
36579 36589 36598 36602 36608
36609 36611 36612 36615 36630
36637 36642 36645 36646 36649
36660 36661 36664 36673 36675
36676 36677 36680 36691 36692
36697 36699 36702 36703 36704
36705 36711 36712 36718 36721
36733 36735 36736 36737 36738
36739 36740 36742 36746 36747
36749 36751 36754 36756 36757
36760 36762 36763 36764 36768
36773 36780 36783 36802 36811
36812 36816 36821 36822 36824
36834 36847 36850 36859 36861
36862 36865 36867 36875 36876
36880 36885 36892 36894 36897
36900 36904 36905 36906 36909
36910 36914 36916 36917 36919
36923 36926 36927 36934 36935
36937 36940 36943 36944 36948
36950 36953 36955 36960 36961
36964 36965 36976 36980 36983
36987 36988 36990 36992 36995
36996 37008 37013 37014 37019
37023 37024 37028 37029 37035
37036 37039 37041 37044 37046
37048 37051 37053 37055 37059
37067 37071 37079 37085 37086
37104 37107 37109 37115 37116
37117 37126 37129 37140 37148
37150 37151 37152 37158 37159
37160 37169 37170 37174 37175
37176 37177 37178 37185 37196
37200 37207 37209 37210 37212
37214 37226 37231 37237 37239
37240 37244 37245 37249 37250
37255 37256 37259 37264 37267
37270 37279 37281 37290 37294
37301 37305 37326 37330 37349
37356 37358 37364 37366 37378
37380 37381 37384 37389 37392
37393 37395 37397 37398 37399
37401 37402 37405 37411 37412
37413 37414 37419 37432 37439
37446 37448 37449 37450 37452
37455 37456 37460 37461 37463
37466 37473 37474 37478 37486
37488 37490 37495 37498 37504
37508 37509 37511 37513 37514
37518 37519 37520 37521 37522
37523 37524 37526 37527 37528
37529 37530 37531 37533 37547
37561 37562 37565 37571 37572
37581 37582 37593 37595 37599
37602 37608 37616 37622 37630
37637 37640 37641 37642 37645
37647 37649 37651 37655 37663
37664 37665 37666 37672 37673
37674 37676 37679 37680 37684
37686 37692 37694 37695 37711
37721 37724 37730 37732 37736
37738 37748 37751 37755 37757
37759 37761 37763 37765 37767
37804 37806 37810 37811 37818
37821 37824 37826 37828 37829
37833 37842 37856 37860 37871
37872 37877 37885 37886 37887
37888 37889 37891 37892 37893
37895 37898 37900 37902 37903
37906 37911 37912 37914 37915
37916 37917 37919 37920 37923
37926 37928 37930 37931 37932
37933 37934 37935 37938 37940
37941 37942 37944 37945 37946
37949 37950 37954 37955 37956
37958 37959 37960 37965 37967
37970 37971 37974 37985 37989
37992 37993 37994 37997 38000
38001 38002 38004 38005 38012
38013 38016 38017 38018 38019
38023 38024 38026 38027 38029
38030 38031 38032 38034 38035
38038 38041 38046 38047 38048
38051 38055 38056 38058 38061
38064 38066 38068 38069 38070
38072 38073 38074 38075 38076
38077 38078 38080 38083 38084
38085 38086 38087 38088 38089
38090 38091 38092 38093 38095
38096 38097 38107 38112 38118
38124 38128 38131 38135 38136
38138 38139 38149 38161 38162
38164 38165 38175 38176 38179
38181 38182 38183 38185 38186
38188 38190 38191 38194 38195
38196 38200 38202 38203 38208
38209 38210 38211 38212 38213
38214 38215 38216 38217 38219
38221 38222 38226 38227 38228
38234 38236 38238 38240 38244
38247 38250 38253 38258 38261
38263 38267 38269 38276 38277
38279 38280 38281 38282 38284
38286 38288 38290 38291 38292
38294 38295 38299 38302 38304
38306 38310 38311 38312 38314
38317 38318 38319 38323 38325
38327 38328 38330 38331 38337
38339 38340 38342 38343 38345
38348 38350 38351 38352 38354
38356 38359 38362 38363 38364
38367 38373 38374 38377 38378
38379 38380 38381 38384 38386
38387 38388 38397 38399 38401
38402 38408 38413 38416 38421
38422 38424 38425 38426 38427
38428 38429 38432 38435 38439
38440 38443 38446 38448 38449
38452 38456 38457 38458 38462
38467 38469 38471 38478 38480
38483 38484 38490 38491 38493
38495 38496 38499 38501 38503
38506 38509 38510 38511 38512
38513 38515 38523 38530 38531
38533 38534 38535 38536 38540
38541 38543 38544 38545 38547
38549 38555 38557 38558 38559
38561 38564 38565 38566 38568
38569 38573 38575 38576 38577
38581 38582 38584 38585 38587
38589 38591 38592 38594 38596
38600 38602 38603 38605 38606
38608 38609 38610 38612 38614
38615 38616 38617 38620 38622
38623 38625 38628 38634 38635
38636 38638 38640 38641 38642
38650 38652 38654 38656 38659
38661 38662 38663 38664 38665
38666 38668 38673 38676 38680
38681 38682 38683 38684 38685
38691 38692 38693 38695 38696
38707 38710 38712 38715 38716
38717 38720 38723 38724 38728
38729 38736 38739 38742 38751
38757 38760 38763 38765 38768
38769 38770 38771 38773 38777
38778 38779 38780 38783 38784
38785 38786 38787 38792 38793
38794 38795 38796 38798 38799
38802 38803 38810 38814 38818
38819 38820 38822 38830 38833
38835
